252
252
252
252
252
252
252
252
252
252
252
252
252
252
252
252
252
252
252
252
252
252
252
252
252
252
252
252
252
252
252
252
252
252
252
252
252
252
252
252
252
252
252
252
252
252
252
252
252
252
252
252
252
252
252
252
252
252
252
252
252
252
252
252
252
252
252
252
252
252
252
252
252
252
252
252
252
252
252
248
248
248
248
248
248
248
248
248
248
248
248
248
248
248
248
248
248
248
248
248
248
248
248
248
248
248
248
248
248
248
248
248
248
248
248
248
248
248
248
248
248
248
248
248
248
248
248
248
248
248
248
248
248
248
248
248
248
248
248
248
248
248
248
248
248
248
248
248
248
248
248
248
248
248
248
248
248
248
248
248
248
248
248
248
248
248
248
252
248
248
248
248
252
252
248
248
248
248
248
248
248
248
248
248
252
248
248
252
252
252
248
252
252
252
252
252
252
252
252
252
252
252
252
252
252
252
252
252
252
252
252
252
252
252
252
252
252
252
252
252
252
252
252
252
252
252
252
252
252
252
252
252
252
252
252
252
252
252
252
252
252
252
252
252
252
252
252
252
252
252
252
252
248
248
248
248
248
248
248
248
248
248
248
248
248
248
248
248
248
248
248
240
240
240
240
240
240
240
240
240
240
240
240
240
240
240
240
240
227
225
225
224
224
224
224
224
224
224
224
224
224
224
224
224
224
224
208
207
206
204
204
201
199
199
197
195
193
192
192
192
192
192
192
192
192
192
192
192
192
176
192
176
172
169
167
167
166
163
159
159
159
158
156
156
156
153
152
152
151
143
143
143
143
143
143
143
143
142
141
140
135
135
135
135
135
135
135
131
131
131
131
131
129
129
129
128
128
128
128
127
128
127
127
126
126
126
124
124
124
124
124
124
121
120
120
120
120
120
120
120
120
120
120
113
112
112
112
112
112
112
112
112
112
112
112
112
112
112
112
112
112
112
112
112
112
112
112
104
104
104
104
103
103
103
103
102
102
102
101
101
99
99
99
99
99
99
98
97
97
96
97
96
96
96
96
96
96
96
96
96
96
96
96
96
96
96
96
96
96
92
92
92
91
90
89
89
88
96
88
88
88
88
88
86
86
85
85
84
84
84
83
83
83
79
79
79
79
79
79
79
63
79
63
79
63
78
63
63
63
63
63
63
63
71
63
63
63
63
63
63
63
63
63
63
63
63
63
63
63
63
63
63
63
63
63
63
63
63
63
63
63
63
63
63
63
63
63
63
63
63
63
62
63
62
62
62
62
60
60
60
60
60
60
60
60
60
60
58
57
57
57
56
56
56
56
56
56
56
56
56
56
56
56
56
56
54
53
53
53
52
52
52
51
51
51
51
51
51
50
50
49
49
49
48
49
48
49
48
48
48
31
48
31
48
31
47
47
31
47
31
31
31
31
31
31
31
31
31
31
31
31
31
31
31
31
31
31
31
31
31
31
31
31
31
31
31
31
31
31
31
31
31
31
31
31
31
31
31
31
31
31
31
31
31
31
31
31
31
31
31
31
31
31
31
31
31
31
31
31
31
31
31
31
31
31
31
31